1 25544U 98067A   20311.54791667  .00001257  00000-0  29668-4 0  9991
2 25544  51.6442 353.0458 0001090  88.5483  54.4223 15.49396339243901

1 33591U 09005A   23150.20464474  .00000245  00000+0  11803-4 0  9996
2 33591  99.0704  73.8836 0012093  71.1586  20.1241 14.10130954639154

1 41765U 16049A   23150.10193149  .00000030  00000+0  16302-5 0  9992
2 41765  97.4293 172.7581 0013627 271.2285  88.7958 15.23005903425580

1 40129U 14054A   23150.14166761  .00000130  00000+0  60979-5 0  9990
2 40129  97.6364  98.6094 0002201 273.6551  86.4174 15.18210966493820
